<?xml version="1.0" encoding="utf-8"?>
<COLLADA xmlns="http://www.collada.org/2005/11/COLLADASchema" version="1.4.1">
  <asset><contributor><author>Mixamo</author><authoring_tool>COLLADA Mixamo exporter</authoring_tool><comments></comments></contributor><created>2017-11-14T15:41:10Z</created><modified>2017-11-14T15:41:10Z</modified><revision></revision><title></title><unit meter="0.010000"/><up_axis>Y_UP</up_axis></asset>
  <library_images>
    <image id="man-image" name="man">
      <init_from>textures/man.png</init_from>
    </image>
  </library_images>
  <library_materials>
    <material id="palettemat" name="palettemat">
      <instance_effect url="#palettemat-fx"/>
    </material>
  </library_materials>
  <library_effects>
    <effect id="palettemat-fx" name="palettemat">
      <profile_COMMON>
        <newparam sid="man-surface">
          <surface type="2D">
            <init_from>man-image</init_from>
          </surface>
        </newparam>
        <newparam sid="man-sampler">
          <sampler2D>
            <source>man-surface</source>
            <minfilter>LINEAR</minfilter>
            <magfilter>LINEAR</magfilter>
          </sampler2D>
        </newparam>
        <technique sid="standard">
          <phong>
            <emission>
              <color sid="emission">0.000000  0.000000 0.000000 1.000000</color>
            </emission>
            <ambient>
              <color sid="ambient">0.000000  0.000000 0.000000 1.000000</color>
            </ambient>
            <diffuse>
              <texture texture="man-sampler" texcoord="CHANNEL0">
                <extra>
                  <technique profile="MAYA">
                    <wrapU sid="wrapU0">TRUE</wrapU>
                    <wrapV sid="wrapV0">TRUE</wrapV>
                    <blend_mode>ADD</blend_mode>
                  </technique>
                </extra>
                <extra type="texture_offset">
                  <technique profile="ADOBE">
                    <offsets>
                      <offsetu>0.000000</offsetu>
                      <offsetu>0.000000</offsetu>
                      <offsetv>0.000000</offsetv>
                      <scaleu>1.000000</scaleu>
                      <scalev>1.000000</scalev>
                      <angle>0.000000</angle>
                    </offsets>
                  </technique>
                </extra>
              </texture>
            </diffuse>
            <specular>
              <color sid="specular">0.000000  0.000000 0.000000 1.000000</color>
            </specular>
            <shininess>
              <float sid="shininess">20.000000</float>
            </shininess>
            <reflective>
              <color sid="reflective">0.000000  0.000000 0.000000 1.000000</color>
            </reflective>
            <reflectivity>
              <float sid="reflectivity">1.000000</float>
            </reflectivity>
            <transparent opaque="RGB_ZERO">
              <color>0.000000 0.000000 0.000000 1.0</color>
            </transparent>
            <transparency>
              <float sid="transparency">0.000000</float>
            </transparency>
          </phong>
        </technique>
      </profile_COMMON>
    </effect>
  </library_effects>
  <library_geometries>
    <geometry id="unamed-lib" name="unamedMesh">
      <mesh>
        <source id="unamed-lib-Position" name="position">
          <float_array id="unamed-lib-Position-array" count="540"> -6.000000 8.000000 -0.500000 -6.000000 8.000000 -1.500000 -6.000000 9.000000 -0.500000 -6.000000 9.000000 -1.500000 -2.000000 0.000000 0.500000 -2.000000 0.000000 -1.500000 -2.000000 1.000000 0.500000 -2.000000 1.000000 -0.500000 -2.000000 1.000000 -1.500000 -2.000000 5.000000 -0.500000 -2.000000 5.000000 -1.500000 -2.000000 8.000000 -0.500000 -2.000000 8.000000 -1.500000 -2.000000 9.000000 1.500000 -2.000000 9.000000 -0.500000 -2.000000 9.000000 -1.500000 -2.000000 10.000000 0.500000 -2.000000 10.000000 -0.500000 -2.000000 12.000000 1.500000 -2.000000 12.000000 0.500000 -2.000000 13.000000 1.500000 -2.000000 13.000000 -1.500000 1.000000 0.000000 0.500000 1.000000 -0.000000 -1.500000 1.000000 1.000000 0.500000 1.000000 1.000000 -0.500000 1.000000 1.000000 -1.500000 1.000000 3.000000 -0.500000 1.000000 3.000000 -1.500000 -1.000000 0.000000 0.500000 -1.000000 0.000000 -1.500000 -1.000000 1.000000 0.500000 -1.000000 1.000000 -0.500000 -1.000000 1.000000 -1.500000 -1.000000 3.000000 -0.500000 -1.000000 3.000000 -1.500000 2.000000 0.000000 0.500000 2.000000 -0.000000 -1.500000 2.000000 1.000000 0.500000 2.000000 1.000000 -0.500000 2.000000 1.000000 -1.500000 2.000000 5.000000 -0.500000 2.000000 5.000000 -1.500000 2.000000 8.000000 -0.500000 2.000000 8.000000 -1.500000 2.000000 9.000000 1.500000 2.000000 9.000000 -0.500000 2.000000 9.000000 -1.500000 2.000000 10.000000 0.500000 2.000000 10.000000 -0.500000 2.000000 12.000000 1.500000 2.000000 12.000000 0.500000 2.000000 13.000000 1.500000 2.000000 13.000000 -1.500000 6.000000 8.000000 -0.500000 6.000000 8.000000 -1.500000 6.000000 9.000000 -0.500000 6.000000 9.000000 -1.500000 -2.000000 9.000000 1.500000 -2.000000 12.000000 1.500000 -2.000000 13.000000 1.500000 2.000000 9.000000 1.500000 2.000000 12.000000 1.500000 2.000000 13.000000 1.500000 -2.000000 0.000000 0.500000 -2.000000 1.000000 0.500000 -1.000000 0.000000 0.500000 -1.000000 1.000000 0.500000 1.000000 0.000000 0.500000 1.000000 1.000000 0.500000 2.000000 0.000000 0.500000 2.000000 1.000000 0.500000 -6.000000 8.000000 -0.500000 -6.000000 9.000000 -0.500000 -3.000000 8.000000 -0.500000 -3.000000 9.000000 -0.500000 -2.000000 1.000000 -0.500000 -2.000000 5.000000 -0.500000 -2.000000 8.000000 -0.500000 -2.000000 9.000000 -0.500000 -1.000000 1.000000 -0.500000 -1.000000 3.000000 -0.500000 -1.000000 8.000000 -0.500000 -1.000000 9.000000 -0.500000 1.000000 1.000000 -0.500000 1.000000 3.000000 -0.500000 1.000000 8.000000 -0.500000 1.000000 9.000000 -0.500000 2.000000 1.000000 -0.500000 2.000000 5.000000 -0.500000 2.000000 8.000000 -0.500000 2.000000 9.000000 -0.500000 3.000000 8.000000 -0.500000 3.000000 9.000000 -0.500000 6.000000 8.000000 -0.500000 6.000000 9.000000 -0.500000 -6.000000 8.000000 -1.500000 -6.000000 9.000000 -1.500000 -3.000000 8.000000 -1.500000 -3.000000 9.000000 -1.500000 -2.000000 0.000000 -1.500000 -2.000000 1.000000 -1.500000 -2.000000 5.000000 -1.500000 -2.000000 8.000000 -1.500000 -2.000000 9.000000 -1.500000 -2.000000 13.000000 -1.500000 -1.000000 0.000000 -1.500000 -1.000000 1.000000 -1.500000 -1.000000 3.000000 -1.500000 -1.000000 8.000000 -1.500000 -1.000000 9.000000 -1.500000 1.000000 -0.000000 -1.500000 1.000000 1.000000 -1.500000 1.000000 3.000000 -1.500000 1.000000 8.000000 -1.500000 1.000000 9.000000 -1.500000 2.000000 -0.000000 -1.500000 2.000000 1.000000 -1.500000 2.000000 5.000000 -1.500000 2.000000 8.000000 -1.500000 2.000000 9.000000 -1.500000 2.000000 13.000000 -1.500000 3.000000 8.000000 -1.500000 3.000000 9.000000 -1.500000 6.000000 8.000000 -1.500000 6.000000 9.000000 -1.500000 -2.000000 0.000000 0.500000 -1.000000 0.000000 0.500000 1.000000 0.000000 0.500000 2.000000 0.000000 0.500000 -2.000000 0.000000 -1.500000 -1.000000 0.000000 -1.500000 1.000000 -0.000000 -1.500000 2.000000 -0.000000 -1.500000 -1.000000 3.000000 -0.500000 1.000000 3.000000 -0.500000 -1.000000 3.000000 -1.500000 1.000000 3.000000 -1.500000 -6.000000 8.000000 -0.500000 -3.000000 8.000000 -0.500000 -2.000000 8.000000 -0.500000 2.000000 8.000000 -0.500000 3.000000 8.000000 -0.500000 6.000000 8.000000 -0.500000 -6.000000 8.000000 -1.500000 -3.000000 8.000000 -1.500000 -2.000000 8.000000 -1.500000 2.000000 8.000000 -1.500000 3.000000 8.000000 -1.500000 6.000000 8.000000 -1.500000 -2.000000 9.000000 1.500000 2.000000 9.000000 1.500000 -2.000000 9.000000 -0.500000 -1.000000 9.000000 -0.500000 1.000000 9.000000 -0.500000 2.000000 9.000000 -0.500000 -2.000000 1.000000 0.500000 -1.000000 1.000000 0.500000 1.000000 1.000000 0.500000 2.000000 1.000000 0.500000 -2.000000 1.000000 -0.500000 -1.000000 1.000000 -0.500000 1.000000 1.000000 -0.500000 2.000000 1.000000 -0.500000 -6.000000 9.000000 -0.500000 -3.000000 9.000000 -0.500000 -2.000000 9.000000 -0.500000 2.000000 9.000000 -0.500000 3.000000 9.000000 -0.500000 6.000000 9.000000 -0.500000 -6.000000 9.000000 -1.500000 -3.000000 9.000000 -1.500000 -2.000000 9.000000 -1.500000 2.000000 9.000000 -1.500000 3.000000 9.000000 -1.500000 6.000000 9.000000 -1.500000 -2.000000 13.000000 1.500000 2.000000 13.000000 1.500000 -2.000000 13.000000 -1.500000 2.000000 13.000000 -1.500000</float_array>
          <technique_common>
            <accessor count="180" source="#unamed-lib-Position-array" stride="3">
              <param name="X" type="float"/>
              <param name="Y" type="float"/>
              <param name="Z" type="float"/>
            </accessor>
          </technique_common>
        </source>
        <source id="unamed-lib-Normal0" name="normal">
          <float_array id="unamed-lib-Normal0-array" count="18"> -1.000000 0.000000 0.000000 1.000000 0.000000 0.000000 0.000000 0.000000 1.000000 0.000000 0.000000 -1.000000 0.000000 -1.000000 0.000000 0.000000 1.000000 0.000000</float_array>
          <technique_common>
            <accessor count="6" source="#unamed-lib-Normal0-array" stride="3">
              <param name="X" type="float"/>
              <param name="Y" type="float"/>
              <param name="Z" type="float"/>
            </accessor>
          </technique_common>
        </source>
        <source id="unamed-lib-UV0" name="map1">
          <float_array id="unamed-lib-UV0-array" count="10"> 0.044922 0.500000 0.287109 0.500000 0.291016 0.500000 0.775391 0.500000 0.958984 0.500000</float_array>
          <technique_common>
            <accessor count="5" source="#unamed-lib-UV0-array" stride="2">
              <param name="S" type="float"/>
              <param name="T" type="float"/>
            </accessor>
          </technique_common>
        </source>
        <vertices id="unamed-lib-Vertex">
          <input semantic="POSITION" source="#unamed-lib-Position"/>
        </vertices>
        <polylist material="palettematSG" count="144">
          <input semantic="VERTEX" offset="0" source="#unamed-lib-Vertex"/>
          <input semantic="NORMAL" offset="1" source="#unamed-lib-Normal0"/>
          <input semantic="TEXCOORD" offset="2" set="0" source="#unamed-lib-UV0"/>
          <vcount> 3 3 3 3 3 3 3 3 3 3 3 3 3 3 3 3 3 3 3 3 3 3 3 3 3 3 3 3 3 3 3 3 3 3 3 3 3 3 3 3 3 3 3 3 3 3 3 3 3 3 3 3 3 3 3 3 3 3 3 3 3 3 3 3 3 3 3 3 3 3 3 3 3 3 3 3 3 3 3 3 3 3 3 3 3 3 3 3 3 3 3 3 3 3 3 3 3 3 3 3 3 3 3 3 3 3 3 3 3 3 3 3 3 3 3 3 3 3 3 3 3 3 3 3 3 3 3 3 3 3 3 3 3 3 3 3 3 3 3 3 3 3 3 3</vcount>
          <p> 2 0 1 1 0 1 0 0 1 3 0 1 1 0 1 2 0 1 6 0 4 5 0 4 4 0 4 7 0 4 5 0 4 6 0 4 8 0 4 5 0 4 7 0 4 9 0 3 8 0 3 7 0 3 10 0 3 8 0 3 9 0 3 11 0 0 10 0 0 9 0 0 12 0 0 10 0 0 11 0 0 16 0 1 14 0 1 13 0 1 17 0 2 15 0 2 14 0 2 17 0 1 14 0 1 16 0 1 18 0 1 16 0 1 13 0 1 19 0 2 17 0 2 16 0 2 19 0 1 16 0 1 18 0 1 20 0 2 19 0 2 18 0 2 21 0 2 15 0 2 17 0 2 21 0 2 19 0 2 20 0 2 21 0 2 17 0 2 19 0 2 24 0 4 23 0 4 22 0 4 25 0 4 23 0 4 24 0 4 26 0 4 23 0 4 25 0 4 27 0 3 26 0 3 25 0 3 28 0 3 26 0 3 27 0 3 29 1 4 30 1 4 31 1 4 31 1 4 30 1 4 32 1 4 32 1 4 30 1 4 33 1 4 32 1 3 33 1 3 34 1 3 34 1 3 33 1 3 35 1 3 36 1 4 37 1 4 38 1 4 38 1 4 37 1 4 39 1 4 39 1 4 37 1 4 40 1 4 39 1 3 40 1 3 41 1 3 41 1 3 40 1 3 42 1 3 41 1 0 42 1 0 43 1 0 43 1 0 42 1 0 44 1 0 45 1 1 46 1 1 48 1 1 46 1 2 47 1 2 49 1 2 48 1 1 46 1 1 49 1 1 45 1 1 48 1 1 50 1 1 48 1 2 49 1 2 51 1 2 50 1 1 48 1 1 51 1 1 50 1 2 51 1 2 52 1 2 49 1 2 47 1 2 53 1 2 52 1 2 51 1 2 53 1 2 51 1 2 49 1 2 53 1 2 54 1 1 55 1 1 56 1 1 56 1 1 55 1 1 57 1 1 61 2 1 59 2 1 58 2 1 62 2 2 60 2 2 59 2 2 62 2 1 59 2 1 61 2 1 63 2 2 60 2 2 62 2 2 66 2 4 65 2 4 64 2 4 67 2 4 65 2 4 66 2 4 70 2 4 69 2 4 68 2 4 71 2 4 69 2 4 70 2 4 74 2 1 73 2 1 72 2 1 75 2 1 73 2 1 74 2 1 78 2 0 75 2 0 74 2 0 79 2 0 75 2 0 78 2 0 80 2 3 77 2 3 76 2 3 81 2 3 77 2 3 80 2 3 82 2 0 78 2 0 77 2 0 82 2 0 79 2 0 78 2 0 83 2 0 79 2 0 82 2 0 85 2 3 77 2 3 81 2 3 86 2 1 83 2 1 82 2 1 86 2 0 82 2 0 77 2 0 87 2 1 83 2 1 86 2 1 88 2 3 85 2 3 84 2 3 89 2 3 77 2 3 85 2 3 89 2 3 85 2 3 88 2 3 89 2 0 86 2 0 77 2 0 89 2 0 87 2 0 86 2 0 90 2 0 87 2 0 89 2 0 91 2 0 87 2 0 90 2 0 92 2 0 91 2 0 90 2 0 93 2 0 91 2 0 92 2 0 94 2 1 93 2 1 92 2 1 95 2 1 93 2 1 94 2 1 96 3 1 97 3 1 98 3 1 98 3 1 97 3 1 99 3 1 98 3 0 99 3 0 103 3 0 103 3 0 99 3 0 104 3 0 100 3 4 101 3 4 106 3 4 101 3 3 102 3 3 107 3 3 106 3 4 101 3 4 107 3 4 107 3 3 102 3 3 108 3 3 103 3 0 104 3 0 109 3 0 102 3 0 103 3 0 109 3 0 104 3 2 105 3 2 110 3 2 109 3 0 104 3 0 110 3 0 108 3 3 102 3 3 113 3 3 102 3 0 109 3 0 114 3 0 109 3 1 110 3 1 114 3 1 110 3 2 105 3 2 115 3 2 114 3 1 110 3 1 115 3 1 111 3 4 112 3 4 116 3 4 112 3 3 113 3 3 117 3 3 116 3 4 112 3 4 117 3 4 102 3 0 114 3 0 118 3 0 117 3 3 113 3 3 118 3 3 113 3 3 102 3 3 118 3 3 114 3 0 115 3 0 118 3 0 118 3 0 115 3 0 119 3 0 115 3 2 105 3 2 120 3 2 119 3 0 115 3 0 120 3 0 120 3 2 105 3 2 121 3 2 119 3 0 120 3 0 122 3 0 122 3 0 120 3 0 123 3 0 122 3 1 123 3 1 124 3 1 124 3 1 123 3 1 125 3 1 130 4 4 127 4 4 126 4 4 131 4 4 127 4 4 130 4 4 132 4 4 129 4 4 128 4 4 133 4 4 129 4 4 132 4 4 136 4 3 135 4 3 134 4 3 137 4 3 135 4 3 136 4 3 144 4 1 139 4 1 138 4 1 145 4 0 140 4 0 139 4 0 145 4 1 139 4 1 144 4 1 146 4 0 140 4 0 145 4 0 147 4 0 142 4 0 141 4 0 148 4 1 143 4 1 142 4 1 148 4 0 142 4 0 147 4 0 149 4 1 143 4 1 148 4 1 152 4 1 151 4 1 150 4 1 153 4 1 151 4 1 152 4 1 154 4 1 151 4 1 153 4 1 155 4 1 151 4 1 154 4 1 156 5 4 157 5 4 160 5 4 160 5 4 157 5 4 161 5 4 158 5 4 159 5 4 162 5 4 162 5 4 159 5 4 163 5 4 164 5 1 165 5 1 170 5 1 165 5 0 166 5 0 171 5 0 170 5 1 165 5 1 171 5 1 171 5 0 166 5 0 172 5 0 167 5 0 168 5 0 173 5 0 168 5 1 169 5 1 174 5 1 173 5 0 168 5 0 174 5 0 174 5 1 169 5 1 175 5 1 176 5 2 177 5 2 178 5 2 178 5 2 177 5 2 179 5 2</p>
        </polylist>
      </mesh>
    </geometry>
  </library_geometries>
  <library_controllers>
    <controller id="unamedController">
      <skin source="#unamed-lib">
        <bind_shape_matrix>1.000000 -0.000000 -0.000000 -0.000000 0.000000 1.000000 -0.000000 -0.000000 0.000000 0.000000 1.000000 0.000000 0.000000 0.000000 0.000000 1.000000
</bind_shape_matrix>
        <source id="unamedController-Joints">
          <Name_array id="unamedController-Joints-array" count="22">
 mixamorig_RightHand mixamorig_RightToeBase mixamorig_RightLeg
mixamorig_RightFoot mixamorig_RightUpLeg mixamorig_Hips mixamorig_Spine mixamorig_Spine2
mixamorig_RightArm mixamorig_RightShoulder mixamorig_Neck mixamorig_Head
mixamorig_LeftToeBase mixamorig_LeftFoot mixamorig_LeftLeg mixamorig_LeftUpLeg
mixamorig_LeftArm mixamorig_LeftShoulder mixamorig_LeftHand mixamorig_RightForeArm
mixamorig_Spine1 mixamorig_LeftForeArm</Name_array>
          <technique_common>
            <accessor source="#unamedController-Joints-array" count="22">
              <param type="name"/>
            </accessor>
          </technique_common>
        </source>
        <source id="unamedController-Matrices">
          <float_array id="unamedController-Matrices-array" count="352">

-0.000347 0.997189 0.074927 -8.378996 -0.999994 -0.000082 -0.003545 -5.465222 -0.003528 -0.074927 0.997183 1.615995 0.000000 0.000000 0.000000 1.000000
-0.999574 0.029036 0.002958 -1.503117 0.003140 0.006211 0.999976 0.003921 0.029017 0.999559 -0.006300 0.027887 0.000000 0.000000 0.000000 1.000000
-0.999315 -0.036989 -0.000587 -1.438163 0.036446 -0.987117 0.155794 2.003154 -0.006342 0.155666 0.987789 0.720957 0.000000 0.000000 0.000000 1.000000
-0.995043 -0.050280 -0.085796 -1.494995 -0.019700 -0.745993 0.665662 1.336399 -0.097472 0.664053 0.741305 -0.157506 0.000000 0.000000 0.000000 1.000000
-0.999871 0.016080 0.000255 -1.534294 -0.016082 -0.999745 -0.015858 3.545199 0.000000 -0.015860 0.999874 1.053686 0.000000 0.000000 0.000000 1.000000
1.000000 0.000000 0.000000 -0.000000 -0.000000 1.000000 0.000000 -4.277458 0.000000 -0.000000 1.000000 0.961338 0.000000 0.000000 0.000000 1.000000
1.000000 -0.000000 0.000000 -0.000000 -0.000000 0.999991 -0.004230 -5.525844 -0.000000 0.004230 0.999991 0.943234 0.000000 0.000000 0.000000 1.000000
1.000000 -0.000000 0.000000 -0.000000 -0.000000 0.999991 -0.004230 -8.636736 -0.000000 0.004230 0.999991 0.943235 0.000000 0.000000 0.000000 1.000000
0.061904 -0.128200 0.989815 2.323260 -0.634290 -0.770751 -0.060158 7.115674 0.770613 -0.624106 -0.129028 8.259549 0.000000 0.000000 0.000000 1.000000
0.091718 0.004252 0.995776 0.938918 -0.972595 0.214935 0.088665 -2.852718 -0.213650 -0.976619 0.023849 10.274283 0.000000 0.000000 0.000000 1.000000
1.000000 0.000000 0.000000 -0.000000 -0.000000 1.000000 0.000000 -10.499187 0.000000 -0.000000 1.000000 0.987659 0.000000 0.000000 0.000000 1.000000
1.000000 0.000000 0.000000 -0.000000 -0.000000 1.000000 0.000000 -10.874210 0.000000 -0.000000 1.000000 0.720324 0.000000 0.000000 0.000000 1.000000
-0.999572 -0.029112 -0.002955 1.503114 -0.003137 0.006186 0.999976 0.003868 -0.029093 0.999557 -0.006275 0.028021 0.000000 0.000000 0.000000 1.000000
-0.996672 0.039311 0.071414 1.497623 0.019440 -0.736158 0.676530 1.354702 0.079167 0.675667 0.732944 -0.130187 0.000000 0.000000 0.000000 1.000000
-0.999320 0.036871 -0.000747 1.437069 -0.036874 -0.998702 0.035124 1.898656 0.000549 0.035128 0.999383 0.890592 0.000000 0.000000 0.000000 1.000000
-0.999871 -0.016077 0.000326 1.534862 0.016081 -0.999665 0.020258 3.580814 0.000000 0.020261 0.999795 0.918750 0.000000 0.000000 0.000000 1.000000
-0.068194 -0.129170 -0.989275 0.378785 0.634411 -0.770897 0.056924 7.232837 -0.769982 -0.623725 0.134518 8.517192 0.000000 0.000000 0.000000 1.000000
-0.096408 -0.004183 -0.995333 -0.939083 0.972020 0.214808 -0.095052 -3.033238 0.214203 -0.976647 -0.016643 10.234586 0.000000 0.000000 0.000000 1.000000
0.000460 -0.996857 0.079218 8.527005 0.999977 -0.000082 -0.006833 -5.468480 0.006818 0.079219 0.996834 0.298938 0.000000 0.000000 0.000000 1.000000
-0.000347 0.997189 0.074927 -8.378996 -0.999994 -0.000082 -0.003545 -4.023337 -0.003528 -0.074927 0.997183 1.615995 0.000000 0.000000 0.000000 1.000000
1.000000 -0.000000 0.000000 -0.000000 -0.000000 0.999991 -0.004230 -6.977593 -0.000000 0.004230 0.999991 0.943235 0.000000 0.000000 0.000000 1.000000
0.000460 -0.996857 0.079218 8.527005 0.999977 -0.000082 -0.006833 -4.026571 0.006818 0.079219 0.996834 0.298938 0.000000 0.000000 0.000000 1.000000</float_array>
          <technique_common>
            <accessor source="#unamedController-Matrices-array" count="22" stride="16">
              <param type="float4x4"/>
            </accessor>
          </technique_common>
        </source>
        <source id="unamedController-Weights">
          <float_array id="unamedController-Weights-array" count="366">

1.000000 1.000000 1.000000 1.000000 1.000000 1.000000 0.008752 0.027030 0.964218 1.000000 0.030452 0.082543 0.887005 0.008703 0.244953 0.729698
0.016645 0.737211 0.262789 0.705189 0.294811 0.720670 0.279329 0.719655 0.280345 0.880131 0.119869 0.791001 0.208999 0.735968 0.264032 0.681845
0.318155 0.576356 0.327259 0.096385 0.000266 0.999734 0.001216 0.998784 1.000000 0.002088 0.997912 1.000000 0.047869 0.952131 1.000000 0.072801
0.918484 0.008715 0.039524 0.797356 0.154159 0.008961 0.400382 0.599618 0.507627 0.492373 1.000000 0.014594 0.033597 0.951810 1.000000 0.051278
0.105549 0.843173 0.015424 0.245704 0.730467 0.008406 0.000626 0.396151 0.603223 0.001062 0.382314 0.616624 1.000000 0.053773 0.946227 1.000000
0.106609 0.874133 0.019257 0.051569 0.761279 0.170426 0.016727 0.713582 0.286418 0.724663 0.275337 0.920413 0.079587 0.888873 0.111127 1.000000
0.970063 0.029937 0.945792 0.054208 0.890346 0.109654 0.820753 0.179247 0.004580 0.995420 0.010753 0.989247 0.001096 0.998904 0.005834 0.994166
1.000000 1.000000 1.000000 1.000000 0.880131 0.119869 0.000266 0.999734 1.000000 1.000000 0.004580 0.995420 0.001096 0.998904 1.000000 1.000000
1.000000 1.000000 1.000000 1.000000 1.000000 1.000000 1.000000 1.000000 0.285025 0.713489 0.001486 0.366277 0.631951 0.001773 0.030452 0.082543
0.887005 0.737211 0.262789 0.720670 0.279329 0.791001 0.208999 0.051278 0.105549 0.843173 0.000626 0.396151 0.603223 1.000000 1.000000 0.072801
0.918484 0.008715 0.400382 0.599618 1.000000 1.000000 0.106609 0.874133 0.019257 0.713582 0.286418 0.920413 0.079587 0.970063 0.029937 0.231095
0.757128 0.000001 0.011776 0.410705 0.574203 0.000004 0.015088 1.000000 1.000000 1.000000 1.000000 0.270592 0.727528 0.001880 0.347193 0.650815
0.001991 0.008752 0.027030 0.964218 0.008703 0.244953 0.729698 0.016645 0.705189 0.294811 0.719655 0.280345 0.735968 0.264032 0.002088 0.997912
0.014594 0.033597 0.951810 0.015424 0.245704 0.730467 0.008406 0.001062 0.382314 0.616624 0.304469 0.695531 0.926396 0.073604 0.047869 0.952131
0.039524 0.797356 0.154159 0.008961 0.507627 0.492373 0.298440 0.701560 0.927506 0.072494 0.053773 0.946227 0.051569 0.761279 0.170426 0.016727
0.724663 0.275337 0.888873 0.111127 0.945792 0.054208 0.005834 0.994166 0.215111 0.774839 0.000002 0.010048 0.366848 0.622168 0.000006 0.010978
1.000000 1.000000 1.000000 1.000000 1.000000 1.000000 0.008752 0.027030 0.964218 0.014594 0.033597 0.951810 0.047869 0.952131 0.053773 0.946227
0.000626 0.396151 0.603223 0.400382 0.599618 0.001062 0.382314 0.616624 0.507627 0.492373 1.000000 0.285025 0.713489 0.001486 0.720670 0.279329
0.920413 0.079587 0.231095 0.757128 0.000001 0.011776 1.000000 1.000000 0.270592 0.727528 0.001880 0.719655 0.280345 0.888873 0.111127 0.215111
0.774839 0.000002 0.010048 1.000000 0.880131 0.119869 1.000000 0.791001 0.208999 1.000000 1.000000 0.970063 0.029937 1.000000 1.000000 1.000000
1.000000 0.030452 0.082543 0.887005 0.051278 0.105549 0.843173 0.072801 0.918484 0.008715 0.106609 0.874133 0.019257 1.000000 0.366277 0.631951
0.001773 0.791001 0.208999 0.970063 0.029937 0.410705 0.574203 0.000004 0.015088 1.000000 1.000000 0.347193 0.650815 0.001991 0.735968 0.264032
0.945792 0.054208 0.366848 0.622168 0.000006 0.010978 1.000000 1.000000 0.001096 0.998904 0.002088 0.997912 0.005834 0.994166</float_array>
          <technique_common>
            <accessor source="#unamedController-Weights-array" count="366">
              <param type="float"/>
            </accessor>
          </technique_common>
        </source>
        <joints>
          <input semantic="JOINT" source="#unamedController-Joints"/>
          <input semantic="INV_BIND_MATRIX" source="#unamedController-Matrices"/>
        </joints>
        <vertex_weights count="180">
          <input semantic="JOINT" offset="0" source="#unamedController-Joints"/>
          <input semantic="WEIGHT" offset="1" source="#unamedController-Weights"/>
          <vcount>1 1 1 1 1 3 1 3 4 2 2 2 2 2 2 2 2 3 2 2 1 2 1 2 1 3 4 2 2 1 3 1 3 4 3 3 1 2 1 3 4 2 2 2 2 1 2 2 2 2 2 2 2 2 1 1 1 1 2 2 1 1 2 2 1 1 1 1 1 1 1 1 1 1 3 3 3 2 2 2 3 3 1 1 3 2 1 1 3 2 2 2 4 4 1 1 1 1 3 3 3 4 2 2 2 2 3 4 3 2 2 2 4 2 2 2 2 4 2 2 2 2 4 4 1 1 1 1 1 1 3 3 2 2 3 2 3 2 1 3 2 2 4 1 1 3 2 2 4 1 2 1 2 1 1 2 1 1 1 1 3 3 3 3 1 3 2 2 4 1 1 3 2 2 4 1 1 2 2 2</vcount>
          <v>0 1 0 2 0 3 0 4 1 5 1 6 2 7 3 8 1 9 1 10 2 11 3 12 1 13 2 14 3 15 4 16 5 17 6 18 5 19 6 20 7 21 8 22 7 23 8 24 7 25 8 26 7 27 8 28 7 29 8 30 7 31 8 32 7 33 8 34 9 35 10 36 11 37 10 38 11 39 11 40 10 41 11 42 12 43 12 44 13 45 12 46 12 47 13 48 14 49 12 50 13 51 14 52 15 53 5 54 15 55 5 56 15 57 1 58 1 59 2 60 3 61 1 62 1 63 2 64 3 65 1 66 2 67 3 68 4 69 3 70 4 71 5 72 3 73 4 74 5 75 12 76 12 77 13 78 12 79 12 80 13 81 14 82 12 83 13 84 14 85 15 86 5 87 6 88 5 89 6 90 7 91 16 92 7 93 16 94 7 95 7 96 16 97 7 98 16 99 7 100 17 101 7 102 17 103 10 104 11 105 10 106 11 107 10 108 11 109 10 110 11 111 18 112 18 113 18 114 18 115 7 116 8 117 10 118 11 119 11 120 7 121 10 122 11 123 10 124 11 125 1 126 1 127 1 128 1 129 12 130 12 131 12 132 12 133 0 134 0 135 7 136 8 137 19 138 7 139 8 140 19 141 1 142 2 143 3 144 5 145 6 146 7 147 8 148 7 149 8 150 1 151 2 152 3 153 3 154 4 155 5 156 20 157 7 158 12 159 13 160 14 161 5 162 15 163 20 164 7 165 12 166 13 167 14 168 5 169 6 170 7 171 16 172 7 173 16 174 7 175 16 176 18 177 21 178 7 179 16 180 18 181 21 182 18 183 18 184 0 185 0 186 7 187 8 188 19 189 7 190 8 191 19 192 1 193 2 194 3 195 1 196 2 197 3 198 4 199 5 200 6 201 7 202 8 203 7 204 8 205 10 206 11 207 1 208 2 209 3 210 1 211 2 212 3 213 4 214 3 215 4 216 5 217 7 218 20 219 7 220 20 221 12 222 13 223 12 224 13 225 14 226 15 227 5 228 15 229 7 230 20 231 7 232 20 233 12 234 13 235 12 236 13 237 14 238 15 239 5 240 6 241 7 242 16 243 7 244 16 245 10 246 11 247 7 248 16 249 18 250 21 251 7 252 16 253 18 254 21 255 18 256 18 257 1 258 1 259 12 260 12 261 1 262 2 263 3 264 1 265 2 266 3 267 12 268 13 269 12 270 13 271 3 272 4 273 5 274 5 275 15 276 3 277 4 278 5 279 5 280 15 281 0 282 7 283 8 284 19 285 7 286 8 287 7 288 16 289 7 290 16 291 18 292 21 293 18 294 0 295 7 296 8 297 19 298 7 299 8 300 7 301 16 302 7 303 16 304 18 305 21 306 18 307 7 308 8 309 7 310 7 311 8 312 7 313 7 314 7 315 16 316 1 317 1 318 12 319 12 320 1 321 2 322 3 323 1 324 2 325 3 326 12 327 13 328 14 329 12 330 13 331 14 332 0 333 7 334 8 335 19 336 7 337 8 338 7 339 16 340 7 341 16 342 18 343 21 344 18 345 0 346 7 347 8 348 19 349 7 350 8 351 7 352 16 353 7 354 16 355 18 356 21 357 18 358 11 359 10 360 11 361 10 362 11 363 10 364 11 365</v>
        </vertex_weights>
      </skin>
    </controller>
  </library_controllers>
  <library_animations>
    <animation id="mixamorig_Hips-anim" name="mixamorig_Hips"><source id="mixamorig_Hips-Matrix-animation-input"><float_array id="mixamorig_Hips-Matrix-animation-input-array" count="324">

0.000000 0.033333 0.066667 0.100000 0.133333 0.166667 0.200000 0.233333 0.266667 0.300000 0.333333 0.366667 0.400000 0.433333 0.466667 0.500000
0.533333 0.566667 0.600000 0.633333 0.666667 0.700000 0.733333 0.766667 0.800000 0.833333 0.866667 0.900000 0.933333 0.966667 1.000000 1.033333
1.066667 1.100000 1.133333 1.166667 1.200000 1.233333 1.266667 1.300000 1.333333 1.366667 1.400000 1.433333 1.466667 1.500000 1.533333 1.566667
1.600000 1.633333 1.666667 1.700000 1.733333 1.766667 1.800000 1.833333 1.866667 1.900000 1.933333 1.966667 2.000000 2.033333 2.066667 2.100000
2.133333 2.166667 2.200000 2.233333 2.266667 2.300000 2.333333 2.366667 2.400000 2.433333 2.466667 2.500000 2.533333 2.566667 2.600000 2.633333
2.666667 2.700000 2.733333 2.766667 2.800000 2.833333 2.866667 2.900000 2.933333 2.966667 3.000000 3.033333 3.066667 3.100000 3.133333 3.166667
3.200000 3.233333 3.266667 3.300000 3.333333 3.366667 3.400000 3.433333 3.466667 3.500000 3.533333 3.566667 3.600000 3.633333 3.666667 3.700000
3.733333 3.766667 3.800000 3.833333 3.866667 3.900000 3.933333 3.966667 4.000000 4.033333 4.066667 4.100000 4.133333 4.166667 4.200000 4.233333
4.266667 4.300000 4.333333 4.366667 4.400000 4.433333 4.466667 4.500000 4.533333 4.566667 4.600000 4.633333 4.666667 4.700000 4.733333 4.766667
4.800000 4.833333 4.866667 4.900000 4.933333 4.966667 5.000000 5.033333 5.066667 5.100000 5.133333 5.166667 5.200000 5.233333 5.266667 5.300000
5.333333 5.366667 5.400000 5.433333 5.466667 5.500000 5.533333 5.566667 5.600000 5.633333 5.666667 5.700000 5.733333 5.766667 5.800000 5.833333
5.866667 5.900000 5.933333 5.966667 6.000000 6.033333 6.066667 6.100000 6.133333 6.166667 6.200000 6.233333 6.266667 6.300000 6.333333 6.366667
6.400000 6.433333 6.466667 6.500000 6.533333 6.566667 6.600000 6.633333 6.666667 6.700000 6.733333 6.766667 6.800000 6.833333 6.866667 6.900000
6.933333 6.966667 7.000000 7.033333 7.066667 7.100000 7.133333 7.166667 7.200000 7.233333 7.266667 7.300000 7.333333 7.366667 7.400000 7.433333
7.466667 7.500000 7.533333 7.566667 7.600000 7.633333 7.666667 7.700000 7.733333 7.766667 7.800000 7.833333 7.866667 7.900000 7.933333 7.966667
8.000000 8.033333 8.066667 8.100000 8.133333 8.166667 8.200000 8.233333 8.266667 8.300000 8.333333 8.366667 8.400000 8.433333 8.466667 8.500000
8.533333 8.566667 8.600000 8.633333 8.666667 8.700000 8.733333 8.766667 8.800000 8.833333 8.866667 8.900000 8.933333 8.966667 9.000000 9.033333
9.066667 9.100000 9.133333 9.166667 9.200000 9.233333 9.266667 9.300000 9.333333 9.366667 9.400000 9.433333 9.466667 9.500000 9.533333 9.566667
9.600000 9.633333 9.666667 9.700000 9.733333 9.766667 9.800000 9.833333 9.866667 9.900000 9.933333 9.966667 10.000000 10.033333 10.066667 10.100000
10.133333 10.166667 10.200000 10.233333 10.266667 10.300000 10.333333 10.366667 10.400000 10.433333 10.466667 10.500000 10.533333 10.566667 10.600000 10.633333
10.666667 10.700000 10.733333 10.766667</float_array><technique_common><accessor source="#mixamorig_Hips-Matrix-animation-input-array" count="324"><param name="TIME" type="float"/></accessor></technique_common></source><source id="mixamorig_Hips-Matrix-animation-output-transform"><float_array id="mixamorig_Hips-Matrix-animation-output-transform-array" count="5184">

0.987124 0.116510 0.109594 0.010672 -0.132808 0.978852 0.155598 3.744413 -0.089148 -0.168150 0.981722 -0.147571 0.000000 0.000000 0.000000 1.000000
0.987502 0.121734 0.100099 0.015439 -0.135317 0.980499 0.142519 3.738976 -0.080798 -0.154283 0.984717 -0.128570 0.000000 0.000000 0.000000 1.000000
0.986832 0.128784 0.097866 0.026578 -0.140309 0.982588 0.121798 3.757406 -0.080477 -0.133925 0.987718 -0.119686 0.000000 0.000000 0.000000 1.000000
0.985642 0.133838 0.102946 0.044221 -0.143212 0.985611 0.089789 3.805256 -0.089447 -0.103243 0.990626 -0.115356 0.000000 0.000000 0.000000 1.000000
0.984963 0.132106 0.111338 0.068584 -0.137536 0.989582 0.042552 3.868824 -0.104557 -0.057225 0.992871 -0.108828 0.000000 0.000000 0.000000 1.000000
0.985470 0.124137 0.115922 0.094966 -0.122480 0.992242 -0.021340 3.934923 -0.117672 0.006831 0.993029 -0.091613 0.000000 0.000000 0.000000 1.000000
0.986830 0.119841 0.108649 0.120903 -0.109491 0.989272 -0.096704 4.016002 -0.119073 0.083534 0.989365 -0.073257 0.000000 0.000000 0.000000 1.000000
0.988732 0.118848 0.091016 0.158024 -0.102121 0.980069 -0.170400 4.093760 -0.109454 0.159185 0.981163 -0.066793 0.000000 0.000000 0.000000 1.000000
0.990478 0.118643 0.069840 0.203016 -0.100160 0.969033 -0.225704 4.139996 -0.094456 0.216560 0.971689 -0.078188 0.000000 0.000000 0.000000 1.000000
0.991920 0.116715 0.049725 0.243356 -0.100585 0.962374 -0.252426 4.138769 -0.077316 0.245384 0.966338 -0.111219 0.000000 0.000000 0.000000 1.000000
0.993324 0.112262 0.026558 0.274528 -0.101984 0.962161 -0.252676 4.096048 -0.053919 0.248281 0.967186 -0.156785 0.000000 0.000000 0.000000 1.000000
0.994017 0.108898 -0.008453 0.304419 -0.107789 0.965485 -0.237107 4.026786 -0.017660 0.236599 0.971447 -0.199920 0.000000 0.000000 0.000000 1.000000
0.991962 0.111815 -0.059230 0.340577 -0.122089 0.968759 -0.215869 3.948567 0.033243 0.221365 0.974624 -0.229969 0.000000 0.000000 0.000000 1.000000
0.985611 0.121423 -0.117586 0.383362 -0.142658 0.970694 -0.193395 3.883208 0.090658 0.207387 0.974049 -0.237883 0.000000 0.000000 0.000000 1.000000
0.976658 0.131797 -0.169613 0.425769 -0.160695 0.972289 -0.169800 3.842860 0.142533 0.193093 0.970773 -0.200858 0.000000 0.000000 0.000000 1.000000
0.967697 0.137125 -0.211566 0.443396 -0.169589 0.974971 -0.143776 3.839223 0.186555 0.175011 0.966731 -0.088653 0.000000 0.000000 0.000000 1.000000
0.958480 0.135673 -0.250816 0.414801 -0.168589 0.978991 -0.114695 3.865627 0.229985 0.152218 0.961216 0.074841 0.000000 0.000000 0.000000 1.000000
0.946252 0.128288 -0.296899 0.366982 -0.159599 0.983633 -0.083637 3.911702 0.281310 0.126527 0.951239 0.227634 0.000000 0.000000 0.000000 1.000000
0.931354 0.116474 -0.344984 0.323131 -0.144056 0.988021 -0.055330 3.969603 0.334407 0.101229 0.936976 0.347401 0.000000 0.000000 0.000000 1.000000
0.918970 0.099285 -0.381624 0.284245 -0.121796 0.991930 -0.035224 4.015246 0.375047 0.078850 0.923646 0.449747 0.000000 0.000000 0.000000 1.000000
0.914863 0.078163 -0.396127 0.243100 -0.095638 0.995114 -0.024524 4.052655 0.392275 0.060321 0.917868 0.561475 0.000000 0.000000 0.000000 1.000000
0.920692 0.055626 -0.386306 0.198158 -0.067916 0.997525 -0.018226 4.082396 0.384336 0.043017 0.922191 0.699486 0.000000 0.000000 0.000000 1.000000
0.932613 0.036397 -0.359037 0.170971 -0.042243 0.999072 -0.008449 4.067797 0.358396 0.023046 0.933285 0.881524 0.000000 0.000000 0.000000 1.000000
0.945760 0.024922 -0.323909 0.134265 -0.022939 0.999687 0.009939 4.020268 0.324055 -0.001969 0.946036 1.096750 0.000000 0.000000 0.000000 1.000000
0.957414 0.022326 -0.287853 0.079404 -0.012052 0.999227 0.037414 3.980009 0.288466 -0.032352 0.956943 1.295783 0.000000 0.000000 0.000000 1.000000
0.966172 0.025170 -0.256668 0.025067 -0.006997 0.997418 0.071473 3.948816 0.257805 -0.067259 0.963853 1.441893 0.000000 0.000000 0.000000 1.000000
0.971937 0.024758 -0.233933 -0.015457 0.000677 0.994148 0.108028 3.917778 0.235239 -0.105154 0.966233 1.534962 0.000000 0.000000 0.000000 1.000000
0.975316 0.017371 -0.220130 -0.041755 0.014398 0.989777 0.141897 3.872382 0.220345 -0.141564 0.965095 1.604115 0.000000 0.000000 0.000000 1.000000
0.977695 0.005090 -0.209968 -0.058208 0.030968 0.985286 0.168083 3.822171 0.207734 -0.170836 0.963152 1.658923 0.000000 0.000000 0.000000 1.000000
0.980202 -0.005246 -0.197932 -0.066843 0.042354 0.982066 0.183719 3.780602 0.193419 -0.188465 0.962845 1.715127 0.000000 0.000000 0.000000 1.000000
0.983118 -0.007130 -0.182835 -0.077155 0.042115 0.981229 0.188191 3.767861 0.178061 -0.192714 0.964964 1.761699 0.000000 0.000000 0.000000 1.000000
0.985962 -0.003417 -0.166934 -0.088581 0.033969 0.982987 0.180505 3.779830 0.163478 -0.183641 0.969304 1.787682 0.000000 0.000000 0.000000 1.000000
0.988425 0.000842 -0.151710 -0.100407 0.023201 0.987384 0.156637 3.809814 0.149928 -0.158344 0.975935 1.790761 0.000000 0.000000 0.000000 1.000000
0.990831 0.002263 -0.135085 -0.112187 0.012822 0.993772 0.110694 3.845153 0.134494 -0.111411 0.984631 1.782185 0.000000 0.000000 0.000000 1.000000
0.993472 -0.001610 -0.114069 -0.118830 0.006266 0.999161 0.040471 3.860788 0.113908 -0.040922 0.992648 1.761123 0.000000 0.000000 0.000000 1.000000
0.996837 -0.000633 -0.079472 -0.137295 -0.003067 0.998917 -0.046425 3.907097 0.079416 0.046522 0.995755 1.766321 0.000000 0.000000 0.000000 1.000000
0.999303 0.009191 -0.036174 -0.176748 -0.013909 0.991097 -0.132411 3.991459 0.034635 0.132822 0.990535 1.803458 0.000000 0.000000 0.000000 1.000000
0.999709 0.024100 0.000981 -0.225710 -0.023429 0.979940 -0.197913 4.071098 -0.005731 0.197832 0.980219 1.855085 0.000000 0.000000 0.000000 1.000000
0.998835 0.040358 0.026442 -0.267430 -0.033127 0.972076 -0.232316 4.133046 -0.035080 0.231169 0.972281 1.907942 0.000000 0.000000 0.000000 1.000000
0.997335 0.052614 0.050539 -0.291871 -0.039162 0.970571 -0.237609 4.171038 -0.061553 0.234997 0.970045 1.949515 0.000000 0.000000 0.000000 1.000000
0.994259 0.053587 0.092614 -0.307568 -0.031758 0.974343 -0.222815 4.166949 -0.102178 0.218594 0.970452 1.985294 0.000000 0.000000 0.000000 1.000000
0.986341 0.037155 0.160473 -0.326491 -0.005016 0.980552 -0.196198 4.118155 -0.164642 0.192713 0.967344 2.025230 0.000000 0.000000 0.000000 1.000000
0.969955 0.008537 0.243136 -0.340951 0.032094 0.986160 -0.162662 4.057323 -0.241159 0.165578 0.956256 2.102134 0.000000 0.000000 0.000000 1.000000
0.948312 -0.030782 0.315843 -0.360905 0.073868 0.989357 -0.125364 4.003628 -0.308623 0.142215 0.940493 2.201826 0.000000 0.000000 0.000000 1.000000
0.928725 -0.070627 0.363979 -0.369676 0.109403 0.990182 -0.087014 3.969642 -0.354260 0.120633 0.927334 2.324794 0.000000 0.000000 0.000000 1.000000
0.914433 -0.098875 0.392475 -0.360208 0.127957 0.990590 -0.048572 3.970665 -0.383979 0.094636 0.918479 2.440337 0.000000 0.000000 0.000000 1.000000
0.905120 -0.111669 0.410229 -0.367056 0.126840 0.991874 -0.009856 3.993144 -0.405795 0.060954 0.911929 2.482071 0.000000 0.000000 0.000000 1.000000
0.892370 -0.124244 0.433866 -0.400732 0.123327 0.991901 0.030388 3.996147 -0.434128 0.026390 0.900465 2.548416 0.000000 0.000000 0.000000 1.000000
0.873802 -0.123457 0.470350 -0.381211 0.103388 0.992288 0.068384 3.983767 -0.475165 -0.011125 0.879827 2.721250 0.000000 0.000000 0.000000 1.000000
0.860451 -0.107621 0.498038 -0.309642 0.069549 0.993098 0.094441 3.969782 -0.504764 -0.046624 0.861997 2.946457 0.000000 0.000000 0.000000 1.000000
0.858333 -0.080766 0.506696 -0.216356 0.029893 0.993727 0.107760 3.936039 -0.512222 -0.077348 0.855363 3.178346 0.000000 0.000000 0.000000 1.000000
0.865330 -0.051899 0.498509 -0.134075 -0.009151 0.992823 0.119245 3.861782 -0.501119 -0.107749 0.858644 3.431103 0.000000 0.000000 0.000000 1.000000
0.876110 -0.030157 0.481166 -0.064004 -0.043811 0.988932 0.141752 3.770017 -0.480116 -0.145270 0.865093 3.677720 0.000000 0.000000 0.000000 1.000000
0.887171 -0.016487 0.461145 -0.005670 -0.073928 0.981374 0.177312 3.674070 -0.455479 -0.191398 0.869428 3.885002 0.000000 0.000000 0.000000 1.000000
0.898948 0.001506 0.438053 0.038359 -0.106486 0.970749 0.215189 3.605605 -0.424916 -0.240090 0.872813 4.022367 0.000000 0.000000 0.000000 1.000000
0.911897 0.030150 0.409310 0.074256 -0.140492 0.959978 0.242289 3.574781 -0.385624 -0.278448 0.879637 4.117100 0.000000 0.000000 0.000000 1.000000
0.925634 0.064295 0.372917 0.103001 -0.168466 0.952435 0.253944 3.559758 -0.338852 -0.297883 0.892438 4.204903 0.000000 0.000000 0.000000 1.000000
0.939700 0.094046 0.328814 0.134450 -0.183865 0.949606 0.253856 3.559669 -0.288369 -0.299006 0.909637 4.276016 0.000000 0.000000 0.000000 1.000000
0.952653 0.114497 0.281680 0.168279 -0.186585 0.951596 0.244235 3.559848 -0.240081 -0.285228 0.927904 4.325888 0.000000 0.000000 0.000000 1.000000
0.963405 0.126742 0.236195 0.205012 -0.179900 0.958948 0.219214 3.554047 -0.198715 -0.253683 0.946656 4.357565 0.000000 0.000000 0.000000 1.000000
0.972532 0.133396 0.190754 0.240243 -0.166509 0.971334 0.169661 3.559256 -0.162654 -0.196763 0.966865 4.364419 0.000000 0.000000 0.000000 1.000000
0.981506 0.133089 0.137600 0.274715 -0.146827 0.984588 0.095013 3.603181 -0.122834 -0.113459 0.985920 4.325645 0.000000 0.000000 0.000000 1.000000
0.990226 0.122728 0.066256 0.315701 -0.123685 0.992266 0.010531 3.727746 -0.064451 -0.018623 0.997747 4.240990 0.000000 0.000000 0.000000 1.000000
0.995110 0.097119 -0.018014 0.378308 -0.098047 0.993314 -0.060939 3.888679 0.011976 0.062407 0.997979 4.183640 0.000000 0.000000 0.000000 1.000000
0.992957 0.057566 -0.103554 0.452046 -0.068279 0.992328 -0.103067 4.007183 0.096826 0.109412 0.989269 4.226500 0.000000 0.000000 0.000000 1.000000
0.982654 0.026654 -0.183523 0.512563 -0.048515 0.992101 -0.115679 4.087282 0.178991 0.122576 0.976185 4.293131 0.000000 0.000000 0.000000 1.000000
0.967174 0.019655 -0.253352 0.557120 -0.049239 0.992604 -0.110965 4.092185 0.249297 0.119797 0.960989 4.321923 0.000000 0.000000 0.000000 1.000000
0.946631 0.025929 -0.321275 0.591691 -0.061280 0.993057 -0.100415 4.063127 0.316440 0.114744 0.941647 4.353857 0.000000 0.000000 0.000000 1.000000
0.919208 0.039451 -0.391792 0.608770 -0.079543 0.993060 -0.086628 4.027645 0.385655 0.110794 0.915967 4.407942 0.000000 0.000000 0.000000 1.000000
0.884017 0.058487 -0.463782 0.611010 -0.100014 0.992832 -0.065433 4.017265 0.456631 0.104229 0.883530 4.502039 0.000000 0.000000 0.000000 1.000000
0.845981 0.082888 -0.526732 0.597390 -0.118798 0.992314 -0.034649 4.013965 0.519811 0.091887 0.849325 4.610137 0.000000 0.000000 0.000000 1.000000
0.814521 0.109265 -0.569751 0.595003 -0.132267 0.991214 0.001001 4.013353 0.564854 0.074544 0.821817 4.699290 0.000000 0.000000 0.000000 1.000000
0.796764 0.131852 -0.589731 0.618954 -0.139869 0.989643 0.032293 4.014484 0.587881 0.056755 0.806954 4.758721 0.000000 0.000000 0.000000 1.000000
0.783548 0.146978 -0.603697 0.645796 -0.143482 0.988159 0.054354 4.008543 0.604537 0.044031 0.795359 4.859225 0.000000 0.000000 0.000000 1.000000
